frame hold x y vy ground contact death
frame  hold      x(bl)   y(bl)     vy  ground dead mode flip pad orb contact deathuid mini tier
  821  HOLD     35.572   4.103   1.76     0    0    0    0 53 73 73 -1 0 1
  888  HOLD     38.472   4.500   2.52     0    0    0    0 53 73 94 -1 0 1
 1004  ....     43.492   3.500  -0.00     1    0    0    0 53 73 115 -1 0 1
 1005  ....     43.535   3.500  -0.00     1    0    0    0 53 73 115 -1 0 1
 1006  ....     43.578   3.500  -0.00     1    0    0    0 53 73 115 -1 0 1
 1007  ....     43.621   3.500  -0.00     1    0    0    0 53 73 115 -1 0 1
 1008  ....     43.665   3.500  -0.00     1    0    0    0 53 73 115 -1 0 1
 1009  ....     43.708   3.500  -0.00     1    0    0    0 53 73 115 -1 0 1
--- landing window ---
  970  ....     42.020   5.996  -1.47     0    0    0    0 53 73 -1 -1 0 1
  971  ....     42.063   5.947  -1.52     0    0    0    0 53 73 -1 -1 0 1
  972  ....     42.107   5.896  -1.57     0    0    0    0 53 73 -1 -1 0 1
  973  ....     42.150   5.844  -1.62     0    0    0    0 53 73 -1 -1 0 1
  974  ....     42.193   5.790  -1.66     0    0    0    0 53 73 -1 -1 0 1
  975  ....     42.237   5.735  -1.71     0    0    0    0 53 73 -1 -1 0 1
  976  ....     42.280   5.677  -1.76     0    0    0    0 53 73 -1 -1 0 1
  977  ....     42.323   5.619  -1.81     0    0    0    0 53 73 -1 -1 0 1
  978  ....     42.366   5.558  -1.86     0    0    0    0 53 73 -1 -1 0 1
  979  ....     42.410   5.496  -1.91     0    0    0    0 53 73 -1 -1 0 1
  980  ....     42.453   5.433  -1.96     0    0    0    0 53 73 -1 -1 0 1
  981  ....     42.496   5.368  -2.00     0    0    0    0 53 73 -1 -1 0 1
  982  ....     42.539   5.301  -2.05     0    0    0    0 53 73 -1 -1 0 1
  983  ....     42.583   5.232  -2.10     0    0    0    0 53 73 -1 -1 0 1
  984  ....     42.626   5.162  -2.15     0    0    0    0 53 73 -1 -1 0 1
  985  ....     42.669   5.091  -2.20     0    0    0    0 53 73 -1 -1 0 1
  986  ....     42.713   5.017  -2.25     0    0    0    0 53 73 -1 -1 0 1
  987  ....     42.756   4.943  -2.30     0    0    0    0 53 73 -1 -1 0 1
  988  ....     42.799   4.866  -2.34     0    0    0    0 53 73 -1 -1 0 1
  989  ....     42.842   4.788  -2.39     0    0    0    0 53 73 -1 -1 0 1
  990  ....     42.886   4.708  -2.44     0    0    0    0 53 73 -1 -1 0 1
  991  ....     42.929   4.627  -2.49     0    0    0    0 53 73 -1 -1 0 1
  992  ....     42.972   4.544  -2.54     0    0    0    0 53 73 -1 -1 0 1
  993  ....     43.015   4.459  -2.59     0    0    0    0 53 73 -1 -1 0 1
  994  ....     43.059   4.373  -2.64     0    0    0    0 53 73 -1 -1 0 1
  995  ....     43.102   4.285  -2.68     0    0    0    0 53 73 -1 -1 0 1
  996  ....     43.145   4.195  -2.73     0    0    0    0 53 73 -1 -1 0 1
  997  ....     43.189   4.104  -2.78     0    0    0    0 53 73 -1 -1 0 1
  998  ....     43.232   4.012  -2.83     0    0    0    0 53 73 -1 -1 0 1
  999  ....     43.275   3.917  -2.88     0    0    0    0 53 73 -1 -1 0 1
 1000  ....     43.318   3.821  -2.93     0    0    0    0 53 73 -1 -1 0 1
 1001  ....     43.362   3.724  -2.98     0    0    0    0 53 73 -1 -1 0 1
 1002  ....     43.405   3.624  -3.02     0    0    0    0 53 73 -1 -1 0 1
 1003  ....     43.448   3.524  -3.07     0    0    0    0 53 73 -1 -1 0 1
 1004  ....     43.492   3.500  -0.00     1    0    0    0 53 73 115 -1 0 1
 1005  ....     43.535   3.500  -0.00     1    0    0    0 53 73 115 -1 0 1
 1006  ....     43.578   3.500  -0.00     1    0    0    0 53 73 115 -1 0 1
